{"durations":[[0,64,12,3,145.2,12,220.3,169.6,111.4,32.3,32.3,32.3,88.7,28.7,3,3,88.7,77.4,168.3,12.5,47.3,3,88.7,66.2,4034,54.4,41,708.5,30.1,1324.2,54.4,134.9,192,1412,15.4,1.2,33.1,12,99,88.7,88.7,586.2,305,134.5,3,47.3,692.1,234.5,167.4,0.6,23.1,9.2,23.1,149.5,21.3,216.6,27,145.2,44.7,113,15.9,244.9,24.5,82.8,181.9,68.4,79.6,1208.7,169.6],[64,0,52,61,209.2,52,156.3,105.6,175.4,96.3,96.3,96.3,24.7,92.7,61,61,24.7,13.4,104.3,51.5,16.7,61,24.7,2.2,4098,9.6,23,644.5,33.9,1260.2,9.6,70.9,128,1348,48.6,65.2,30.9,52,163,24.7,24.7,650.2,241,70.5,61,16.7,628.1,170.5,103.4,63.4,87.1,54.8,40.9,85.5,42.7,152.6,37,209.2,19.3,49,48.1,180.9,39.5,18.8,117.9,4.4,15.6,1272.7,105.6],[12,52,0,9,157.2,0,208.3,157.6,123.4,44.3,44.3,44.3,76.7,40.7,9,9,76.7,65.4,156.3,0.5,35.3,9,76.7,54.2,4046,42.4,29,696.5,18.1,1312.2,42.4,122.9,180,1400,3.4,13.2,21.1,0,111,76.7,76.7,598.2,293,122.5,9,35.3,680.1,222.5,155.4,11.4,35.1,2.8,11.1,137.5,9.3,204.6,15,157.2,32.7,101,3.9,232.9,12.5,70.8,169.9,56.4,67.6,1220.7,157.6],[3,61,9,0,148.2,9,217.3,166.6,114.4,35.3,35.3,35.3,85.7,31.7,0,0,85.7,74.4,165.3,9.5,44.3,0,85.7,63.2,4037,51.4,38,705.5,27.1,1321.2,51.4,131.9,189,1409,12.4,4.2,30.1,9,102,85.7,85.7,589.2,302,131.5,0,44.3,689.1,231.5,164.4,2.4,26.1,6.2,20.1,146.5,18.3,213.6,24,148.2,41.7,110,12.9,241.9,21.5,79.8,178.9,65.4,76.6,1211.7,166.6],[145.2,209.2,157.2,148.2,0,157.2,365.5,314.8,33.8,112.9,112.9,112.9,233.9,116.5,148.2,148.2,233.9,222.6,313.5,157.7,192.5,148.2,233.9,211.4,3888.8,199.6,186.2,853.7,175.3,1469.4,199.6,280.1,337.2,1557.2,160.6,144,178.3,157.2,46.2,233.9,233.9,441,450.2,279.7,148.2,192.5,837.3,379.7,312.6,145.8,122.1,154.4,168.3,294.7,166.5,361.8,172.2,0,189.9,258.2,161.1,390.1,169.7,228,327.1,213.6,224.8,1063.5,314.8],[12,52,0,9,157.2,0,208.3,157.6,123.4,44.3,44.3,44.3,76.7,40.7,9,9,76.7,65.4,156.3,0.5,35.3,9,76.7,54.2,4046,42.4,29,696.5,18.1,1312.2,42.4,122.9,180,1400,3.4,13.2,21.1,0,111,76.7,76.7,598.2,293,122.5,9,35.3,680.1,222.5,155.4,11.4,35.1,2.8,11.1,137.5,9.3,204.6,15,157.2,32.7,101,3.9,232.9,12.5,70.8,169.9,56.4,67.6,1220.7,157.6],[220.3,156.3,208.3,217.3,365.5,208.3,0,50.7,331.7,252.6,252.6,252.6,131.6,249,217.3,217.3,131.6,142.9,52,207.8,173,217.3,131.6,154.1,4254.3,165.9,179.3,488.2,190.2,1103.9,165.9,85.4,28.3,1191.7,204.9,221.5,187.2,208.3,319.3,131.6,131.6,806.5,84.7,85.8,217.3,173,471.8,14.2,52.9,219.7,243.4,211.1,197.2,70.8,199,3.7,193.3,365.5,175.6,107.3,204.4,24.6,195.8,137.5,38.4,151.9,140.7,1429,50.7],[169.6,105.6,157.6,166.6,314.8,157.6,50.7,0,281,201.9,201.9,201.9,80.9,198.3,166.6,166.6,80.9,92.2,1.3,157.1,122.3,166.6,80.9,103.4,4203.6,115.2,128.6,538.9,139.5,1154.6,115.2,34.7,22.4,1242.4,154.2,170.8,136.5,157.6,268.6,80.9,80.9,755.8,135.4,35.1,166.6,122.3,522.5,64.9,2.2,169,192.7,160.4,146.5,20.1,148.3,47,142.6,314.8,124.9,56.6,153.7,75.3,145.1,86.8,12.3,101.2,90,1378.3,0],[111.4,175.4,123.4,114.4,33.8,123.4,331.7,281,0,79.1,79.1,79.1,200.1,82.7,114.4,114.4,200.1,188.8,279.7,123.9,158.7,114.4,200.1,177.6,3922.6,165.8,152.4,819.9,141.5,1435.6,165.8,246.3,303.4,1523.4,126.8,110.2,144.5,123.4,12.4,200.1,200.1,474.8,416.4,245.9,114.4,158.7,803.5,345.9,278.8,112,88.3,120.6,134.5,260.9,132.7,328,138.4,33.8,156.1,224.4,127.3,356.3,135.9,194.2,293.3,179.8,191,1097.3,281],[32.3,96.3,44.3,35.3,112.9,44.3,252.6,201.9,79.1,0,0,0,121,3.6,35.3,35.3,121,109.7,200.6,44.8,79.6,35.3,121,98.5,4001.7,86.7,73.3,740.8,62.4,1356.5,86.7,167.2,224.3,1444.3,47.7,31.1,65.4,44.3,66.7,121,121,553.9,337.3,166.8,35.3,79.6,724.4,266.8,199.7,32.9,9.2,41.5,55.4,181.8,53.6,248.9,59.3,112.9,77,145.3,48.2,277.2,56.8,115.1,214.2,100.7,111.9,1176.4,201.9],[32.3,96.3,44.3,35.3,112.9,44.3,252.6,201.9,79.1,0,0,0,121,3.6,35.3,35.3,121,109.7,200.6,44.8,79.6,35.3,121,98.5,4001.7,86.7,73.3,740.8,62.4,1356.5,86.7,167.2,224.3,1444.3,47.7,31.1,65.4,44.3,66.7,121,121,553.9,337.3,166.8,35.3,79.6,724.4,266.8,199.7,32.9,9.2,41.5,55.4,181.8,53.6,248.9,59.3,112.9,77,145.3,48.2,277.2,56.8,115.1,214.2,100.7,111.9,1176.4,201.9],[32.3,96.3,44.3,35.3,112.9,44.3,252.6,201.9,79.1,0,0,0,121,3.6,35.3,35.3,121,109.7,200.6,44.8,79.6,35.3,121,98.5,4001.7,86.7,73.3,740.8,62.4,1356.5,86.7,167.2,224.3,1444.3,47.7,31.1,65.4,44.3,66.7,121,121,553.9,337.3,166.8,35.3,79.6,724.4,266.8,199.7,32.9,9.2,41.5,55.4,181.8,53.6,248.9,59.3,112.9,77,145.3,48.2,277.2,56.8,115.1,214.2,100.7,111.9,1176.4,201.9],[88.7,24.7,76.7,85.7,233.9,76.7,131.6,80.9,200.1,121,121,121,0,117.4,85.7,85.7,0,11.3,79.6,76.2,41.4,85.7,0,22.5,4122.7,34.3,47.7,619.8,58.6,1235.5,34.3,46.2,103.3,1323.3,73.3,89.9,55.6,76.7,187.7,0,0,674.9,216.3,45.8,85.7,41.4,603.4,145.8,78.7,88.1,111.8,79.5,65.6,60.8,67.4,127.9,61.7,233.9,44,24.3,72.8,156.2,64.2,5.9,93.2,20.3,9.1,1297.4,80.9],[28.7,92.7,40.7,31.7,116.5,40.7,249,198.3,82.7,3.6,3.6,3.6,117.4,0,31.7,31.7,117.4,106.1,197,41.2,76,31.7,117.4,94.9,4005.3,83.1,69.7,737.2,58.8,1352.9,83.1,163.6,220.7,1440.7,44.1,27.5,61.8,40.7,70.3,117.4,117.4,557.5,333.7,163.2,31.7,76,720.8,263.2,196.1,29.3,5.6,37.9,51.8,178.2,50,245.3,55.7,116.5,73.4,141.7,44.6,273.6,53.2,111.5,210.6,97.1,108.3,1180,198.3],[3,61,9,0,148.2,9,217.3,166.6,114.4,35.3,35.3,35.3,85.7,31.7,0,0,85.7,74.4,165.3,9.5,44.3,0,85.7,63.2,4037,51.4,38,705.5,27.1,1321.2,51.4,131.9,189,1409,12.4,4.2,30.1,9,102,85.7,85.7,589.2,302,131.5,0,44.3,689.1,231.5,164.4,2.4,26.1,6.2,20.1,146.5,18.3,213.6,24,148.2,41.7,110,12.9,241.9,21.5,79.8,178.9,65.4,76.6,1211.7,166.6],[3,61,9,0,148.2,9,217.3,166.6,114.4,35.3,35.3,35.3,85.7,31.7,0,0,85.7,74.4,165.3,9.5,44.3,0,85.7,63.2,4037,51.4,38,705.5,27.1,1321.2,51.4,131.9,189,1409,12.4,4.2,30.1,9,102,85.7,85.7,589.2,302,131.5,0,44.3,689.1,231.5,164.4,2.4,26.1,6.2,20.1,146.5,18.3,213.6,24,148.2,41.7,110,12.9,241.9,21.5,79.8,178.9,65.4,76.6,1211.7,166.6],[88.7,24.7,76.7,85.7,233.9,76.7,131.6,80.9,200.1,121,121,121,0,117.4,85.7,85.7,0,11.3,79.6,76.2,41.4,85.7,0,22.5,4122.7,34.3,47.7,619.8,58.6,1235.5,34.3,46.2,103.3,1323.3,73.3,89.9,55.6,76.7,187.7,0,0,674.9,216.3,45.8,85.7,41.4,603.4,145.8,78.7,88.1,111.8,79.5,65.6,60.8,67.4,127.9,61.7,233.9,44,24.3,72.8,156.2,64.2,5.9,93.2,20.3,9.1,1297.4,80.9],[77.4,13.4,65.4,74.4,222.6,65.4,142.9,92.2,188.8,109.7,109.7,109.7,11.3,106.1,74.4,74.4,11.3,0,90.9,64.9,30.1,74.4,11.3,11.2,4111.4,23,36.4,631.1,47.3,1246.8,23,57.5,114.6,1334.6,62,78.6,44.3,65.4,176.4,11.3,11.3,663.6,227.6,57.1,74.4,30.1,614.7,157.1,90,76.8,100.5,68.2,54.3,72.1,56.1,139.2,50.4,222.6,32.7,35.6,61.5,167.5,52.9,5.4,104.5,9,2.2,1286.1,92.2],[168.3,104.3,156.3,165.3,313.5,156.3,52,1.3,279.7,200.6,200.6,200.6,79.6,197,165.3,165.3,79.6,90.9,0,155.8,121,165.3,79.6,102.1,4202.3,113.9,127.3,540.2,138.2,1155.9,113.9,33.4,23.7,1243.7,152.9,169.5,135.2,156.3,267.3,79.6,79.6,754.5,136.7,33.8,165.3,121,523.8,66.2,0.9,167.7,191.4,159.1,145.2,18.8,147,48.3,141.3,313.5,123.6,55.3,152.4,76.6,143.8,85.5,13.6,99.9,88.7,1377,1.3],[12.5,51.5,0.5,9.5,157.7,0.5,207.8,157.1,123.9,44.8,44.8,44.8,76.2,41.2,9.5,9.5,76.2,64.9,155.8,0,34.8,9.5,76.2,53.7,4046.5,41.9,28.5,696,17.6,1311.7,41.9,122.4,179.5,1399.5,2.9,13.7,20.6,0.5,111.5,76.2,76.2,598.7,292.5,122,9.5,34.8,679.6,222,154.9,11.9,35.6,3.3,10.6,137,8.8,204.1,14.5,157.7,32.2,100.5,3.4,232.4,12,70.3,169.4,55.9,67.1,1221.2,157.1],[47.3,16.7,35.3,44.3,192.5,35.3,173,122.3,158.7,79.6,79.6,79.6,41.4,76,44.3,44.3,41.4,30.1,121,34.8,0,44.3,41.4,18.9,4081.3,7.1,6.3,661.2,17.2,1276.9,7.1,87.6,144.7,1364.7,31.9,48.5,14.2,35.3,146.3,41.4,41.4,633.5,257.7,87.2,44.3,0,644.8,187.2,120.1,46.7,70.4,38.1,24.2,102.2,26,169.3,20.3,192.5,2.6,65.7,31.4,197.6,22.8,35.5,134.6,21.1,32.3,1256,122.3],[3,61,9,0,148.2,9,217.3,166.6,114.4,35.3,35.3,35.3,85.7,31.7,0,0,85.7,74.4,165.3,9.5,44.3,0,85.7,63.2,4037,51.4,38,705.5,27.1,1321.2,51.4,131.9,189,1409,12.4,4.2,30.1,9,102,85.7,85.7,589.2,302,131.5,0,44.3,689.1,231.5,164.4,2.4,26.1,6.2,20.1,146.5,18.3,213.6,24,148.2,41.7,110,12.9,241.9,21.5,79.8,178.9,65.4,76.6,1211.7,166.6],[88.7,24.7,76.7,85.7,233.9,76.7,131.6,80.9,200.1,121,121,121,0,117.4,85.7,85.7,0,11.3,79.6,76.2,41.4,85.7,0,22.5,4122.7,34.3,47.7,619.8,58.6,1235.5,34.3,46.2,103.3,1323.3,73.3,89.9,55.6,76.7,187.7,0,0,674.9,216.3,45.8,85.7,41.4,603.4,145.8,78.7,88.1,111.8,79.5,65.6,60.8,67.4,127.9,61.7,233.9,44,24.3,72.8,156.2,64.2,5.9,93.2,20.3,9.1,1297.4,80.9],[66.2,2.2,54.2,63.2,211.4,54.2,154.1,103.4,177.6,98.5,98.5,98.5,22.5,94.9,63.2,63.2,22.5,11.2,102.1,53.7,18.9,63.2,22.5,0,4100.2,11.8,25.2,642.3,36.1,1258,11.8,68.7,125.8,1345.8,50.8,67.4,33.1,54.2,165.2,22.5,22.5,652.4,238.8,68.3,63.2,18.9,625.9,168.3,101.2,65.6,89.3,57,43.1,83.3,44.9,150.4,39.2,211.4,21.5,46.8,50.3,178.7,41.7,16.6,115.7,2.2,13.4,1274.9,103.4],[4033.5,4097.5,4045.5,4036.5,3888.3,4045.5,4253.8,4203.1,3922.1,4001.2,4001.2,4001.2,4122.2,4004.8,4036.5,4036.5,4122.2,4110.9,4201.8,4046,4080.8,4036.5,4122.2,4099.7,0,4087.9,4074.5,4742,4063.6,5357.7,4087.9,4168.4,4225.5,5445.5,4048.9,4032.3,4066.6,4045.5,3934.5,4122.2,4122.2,3492.4,4338.5,4168,4036.5,4080.8,4725.6,4268,4200.9,4034.1,4010.4,4042.7,4056.6,4183,4054.8,4250.1,4060.5,3888.3,4078.2,4146.5,4049.4,4278.4,4058,4116.3,4215.4,4101.9,4113.1,2824.4,4203.1],[54.4,9.6,42.4,51.4,199.6,42.4,165.9,115.2,165.8,86.7,86.7,86.7,34.3,83.1,51.4,51.4,34.3,23,113.9,41.9,7.1,51.4,34.3,11.8,4088.4,0,13.4,654.1,24.3,1269.8,0,80.5,137.6,1357.6,39,55.6,21.3,42.4,153.4,34.3,34.3,640.6,250.6,80.1,51.4,7.1,637.7,180.1,113,53.8,77.5,45.2,31.3,95.1,33.1,162.2,27.4,199.6,9.7,58.6,38.5,190.5,29.9,28.4,127.5,14,25.2,1263.1,115.2],[41,23,29,38,186.2,29,179.3,128.6,152.4,73.3,73.3,73.3,47.7,69.7,38,38,47.7,36.4,127.3,28.5,6.3,38,47.7,25.2,4075,13.4,0,667.5,10.9,1283.2,13.4,93.9,151,1371,25.6,42.2,7.9,29,140,47.7,47.7,627.2,264,93.5,38,6.3,651.1,193.5,126.4,40.4,64.1,31.8,17.9,108.5,19.7,175.6,14,186.2,3.7,72,25.1,203.9,16.5,41.8,140.9,27.4,38.6,1249.7,128.6],[708.5,644.5,696.5,705.5,853.7,696.5,488.2,538.9,819.9,740.8,740.8,740.8,619.8,737.2,705.5,705.5,619.8,631.1,540.2,696,661.2,705.5,619.8,642.3,4742.5,654.1,667.5,0,678.4,615.7,654.1,573.6,516.5,703.5,693.1,709.7,675.4,696.5,807.5,619.8,619.8,1294.7,403.5,574,705.5,661.2,16.4,474,541.1,707.9,731.6,699.3,685.4,559,687.2,491.9,681.5,853.7,663.8,595.5,692.6,463.6,684,625.7,526.6,640.1,628.9,1917.2,538.9],[30.1,33.9,18.1,27.1,175.3,18.1,190.2,139.5,141.5,62.4,62.4,62.4,58.6,58.8,27.1,27.1,58.6,47.3,138.2,17.6,17.2,27.1,58.6,36.1,4064.1,24.3,10.9,678.4,0,1294.1,24.3,104.8,161.9,1381.9,14.7,31.3,3,18.1,129.1,58.6,58.6,616.3,274.9,104.4,27.1,17.2,662,204.4,137.3,29.5,53.2,20.9,7,119.4,8.8,186.5,3.1,175.3,14.6,82.9,14.2,214.8,5.6,52.7,151.8,38.3,49.5,1238.8,139.5],[1324.2,1260.2,1312.2,1321.2,1469.4,1312.2,1103.9,1154.6,1435.6,1356.5,1356.5,1356.5,1235.5,1352.9,1321.2,1321.2,1235.5,1246.8,1155.9,1311.7,1276.9,1321.2,1235.5,1258,5358.2,1269.8,1283.2,615.7,1294.1,0,1269.8,1189.3,1132.2,87.8,1308.8,1325.4,1291.1,1312.2,1423.2,1235.5,1235.5,1910.4,1019.2,1189.7,1321.2,1276.9,632.1,1089.7,1156.8,1323.6,1347.3,1315,1301.1,1174.7,1302.9,1107.6,1297.2,1469.4,1279.5,1211.2,1308.3,1079.3,1299.7,1241.4,1142.3,1255.8,1244.6,2532.9,1154.6],[54.4,9.6,42.4,51.4,199.6,42.4,165.9,115.2,165.8,86.7,86.7,86.7,34.3,83.1,51.4,51.4,34.3,23,113.9,41.9,7.1,51.4,34.3,11.8,4088.4,0,13.4,654.1,24.3,1269.8,0,80.5,137.6,1357.6,39,55.6,21.3,42.4,153.4,34.3,34.3,640.6,250.6,80.1,51.4,7.1,637.7,180.1,113,53.8,77.5,45.2,31.3,95.1,33.1,162.2,27.4,199.6,9.7,58.6,38.5,190.5,29.9,28.4,127.5,14,25.2,1263.1,115.2],[134.9,70.9,122.9,131.9,280.1,122.9,85.4,34.7,246.3,167.2,167.2,167.2,46.2,163.6,131.9,131.9,46.2,57.5,33.4,122.4,87.6,131.9,46.2,68.7,4168.9,80.5,93.9,573.6,104.8,1189.3,80.5,0,57.1,1277.1,119.5,136.1,101.8,122.9,233.9,46.2,46.2,721.1,170.1,0.4,131.9,87.6,557.2,99.6,32.5,134.3,158,125.7,111.8,14.6,113.6,81.7,107.9,280.1,90.2,21.9,119,110,110.4,52.1,47,66.5,55.3,1343.6,34.7],[192,128,180,189,337.2,180,28.3,22.4,303.4,224.3,224.3,224.3,103.3,220.7,189,189,103.3,114.6,23.7,179.5,144.7,189,103.3,125.8,4226,137.6,151,516.5,161.9,1132.2,137.6,57.1,0,1220,176.6,193.2,158.9,180,291,103.3,103.3,778.2,113,57.5,189,144.7,500.1,42.5,24.6,191.4,215.1,182.8,168.9,42.5,170.7,24.6,165,337.2,147.3,79,176.1,52.9,167.5,109.2,10.1,123.6,112.4,1400.7,22.4],[1412,1348,1400,1409,1557.2,1400,1191.7,1242.4,1523.4,1444.3,1444.3,1444.3,1323.3,1440.7,1409,1409,1323.3,1334.6,1243.7,1399.5,1364.7,1409,1323.3,1345.8,5446,1357.6,1371,703.5,1381.9,87.8,1357.6,1277.1,1220,0,1396.6,1413.2,1378.9,1400,1511,1323.3,1323.3,1998.2,1107,1277.5,1409,1364.7,719.9,1177.5,1244.6,1411.4,1435.1,1402.8,1388.9,1262.5,1390.7,1195.4,1385,1557.2,1367.3,1299,1396.1,1167.1,1387.5,1329.2,1230.1,1343.6,1332.4,2620.7,1242.4],[15.4,48.6,3.4,12.4,160.6,3.4,204.9,154.2,126.8,47.7,47.7,47.7,73.3,44.1,12.4,12.4,73.3,62,152.9,2.9,31.9,12.4,73.3,50.8,4049.4,39,25.6,693.1,14.7,1308.8,39,119.5,176.6,1396.6,0,16.6,17.7,3.4,114.4,73.3,73.3,601.6,289.6,119.1,12.4,31.9,676.7,219.1,152,14.8,38.5,6.2,7.7,134.1,5.9,201.2,11.6,160.6,29.3,97.6,0.5,229.5,9.1,67.4,166.5,53,64.2,1224.1,154.2],[1.2,65.2,13.2,4.2,144,13.2,221.5,170.8,110.2,31.1,31.1,31.1,89.9,27.5,4.2,4.2,89.9,78.6,169.5,13.7,48.5,4.2,89.9,67.4,4032.8,55.6,42.2,709.7,31.3,1325.4,55.6,136.1,193.2,1413.2,16.6,0,34.3,13.2,97.8,89.9,89.9,585,306.2,135.7,4.2,48.5,693.3,235.7,168.6,1.8,21.9,10.4,24.3,150.7,22.5,217.8,28.2,144,45.9,114.2,17.1,246.1,25.7,84,183.1,69.6,80.8,1207.5,170.8],[33.1,30.9,21.1,30.1,178.3,21.1,187.2,136.5,144.5,65.4,65.4,65.4,55.6,61.8,30.1,30.1,55.6,44.3,135.2,20.6,14.2,30.1,55.6,33.1,4067.1,21.3,7.9,675.4,3,1291.1,21.3,101.8,158.9,1378.9,17.7,34.3,0,21.1,132.1,55.6,55.6,619.3,271.9,101.4,30.1,14.2,659,201.4,134.3,32.5,56.2,23.9,10,116.4,11.8,183.5,6.1,178.3,11.6,79.9,17.2,211.8,8.6,49.7,148.8,35.3,46.5,1241.8,136.5],[12,52,0,9,157.2,0,208.3,157.6,123.4,44.3,44.3,44.3,76.7,40.7,9,9,76.7,65.4,156.3,0.5,35.3,9,76.7,54.2,4046,42.4,29,696.5,18.1,1312.2,42.4,122.9,180,1400,3.4,13.2,21.1,0,111,76.7,76.7,598.2,293,122.5,9,35.3,680.1,222.5,155.4,11.4,35.1,2.8,11.1,137.5,9.3,204.6,15,157.2,32.7,101,3.9,232.9,12.5,70.8,169.9,56.4,67.6,1220.7,157.6],[99,163,111,102,46.2,111,319.3,268.6,12.4,66.7,66.7,66.7,187.7,70.3,102,102,187.7,176.4,267.3,111.5,146.3,102,187.7,165.2,3935,153.4,140,807.5,129.1,1423.2,153.4,233.9,291,1511,114.4,97.8,132.1,111,0,187.7,187.7,487.2,404,233.5,102,146.3,791.1,333.5,266.4,99.6,75.9,108.2,122.1,248.5,120.3,315.6,126,46.2,143.7,212,114.9,343.9,123.5,181.8,280.9,167.4,178.6,1109.7,268.6],[88.7,24.7,76.7,85.7,233.9,76.7,131.6,80.9,200.1,121,121,121,0,117.4,85.7,85.7,0,11.3,79.6,76.2,41.4,85.7,0,22.5,4122.7,34.3,47.7,619.8,58.6,1235.5,34.3,46.2,103.3,1323.3,73.3,89.9,55.6,76.7,187.7,0,0,674.9,216.3,45.8,85.7,41.4,603.4,145.8,78.7,88.1,111.8,79.5,65.6,60.8,67.4,127.9,61.7,233.9,44,24.3,72.8,156.2,64.2,5.9,93.2,20.3,9.1,1297.4,80.9],[88.7,24.7,76.7,85.7,233.9,76.7,131.6,80.9,200.1,121,121,121,0,117.4,85.7,85.7,0,11.3,79.6,76.2,41.4,85.7,0,22.5,4122.7,34.3,47.7,619.8,58.6,1235.5,34.3,46.2,103.3,1323.3,73.3,89.9,55.6,76.7,187.7,0,0,674.9,216.3,45.8,85.7,41.4,603.4,145.8,78.7,88.1,111.8,79.5,65.6,60.8,67.4,127.9,61.7,233.9,44,24.3,72.8,156.2,64.2,5.9,93.2,20.3,9.1,1297.4,80.9],[585.9,649.9,597.9,588.9,440.7,597.9,806.2,755.5,474.5,553.6,553.6,553.6,674.6,557.2,588.9,588.9,674.6,663.3,754.2,598.4,633.2,588.9,674.6,652.1,3493.3,640.3,626.9,1294.4,616,1910.1,640.3,720.8,777.9,1997.9,601.3,584.7,619,597.9,486.9,674.6,674.6,0,890.9,720.4,588.9,633.2,1278,820.4,753.3,586.5,562.8,595.1,609,735.4,607.2,802.5,612.9,440.7,630.6,698.9,601.8,830.8,610.4,668.7,767.8,654.3,665.5,668,755.5],[305,241,293,302,450.2,293,84.7,135.4,416.4,337.3,337.3,337.3,216.3,333.7,302,302,216.3,227.6,136.7,292.5,257.7,302,216.3,238.8,4339,250.6,264,403.5,274.9,1019.2,250.6,170.1,113,1107,289.6,306.2,271.9,293,404,216.3,216.3,891.2,0,170.5,302,257.7,387.1,70.5,137.6,304.4,328.1,295.8,281.9,155.5,283.7,88.4,278,450.2,260.3,192,289.1,60.1,280.5,222.2,123.1,236.6,225.4,1513.7,135.4],[134.5,70.5,122.5,131.5,279.7,122.5,85.8,35.1,245.9,166.8,166.8,166.8,45.8,163.2,131.5,131.5,45.8,57.1,33.8,122,87.2,131.5,45.8,68.3,4168.5,80.1,93.5,574,104.4,1189.7,80.1,0.4,57.5,1277.5,119.1,135.7,101.4,122.5,233.5,45.8,45.8,720.7,170.5,0,131.5,87.2,557.6,100,32.9,133.9,157.6,125.3,111.4,15,113.2,82.1,107.5,279.7,89.8,21.5,118.6,110.4,110,51.7,47.4,66.1,54.9,1343.2,35.1],[3,61,9,0,148.2,9,217.3,166.6,114.4,35.3,35.3,35.3,85.7,31.7,0,0,85.7,74.4,165.3,9.5,44.3,0,85.7,63.2,4037,51.4,38,705.5,27.1,1321.2,51.4,131.9,189,1409,12.4,4.2,30.1,9,102,85.7,85.7,589.2,302,131.5,0,44.3,689.1,231.5,164.4,2.4,26.1,6.2,20.1,146.5,18.3,213.6,24,148.2,41.7,110,12.9,241.9,21.5,79.8,178.9,65.4,76.6,1211.7,166.6],[47.3,16.7,35.3,44.3,192.5,35.3,173,122.3,158.7,79.6,79.6,79.6,41.4,76,44.3,44.3,41.4,30.1,121,34.8,0,44.3,41.4,18.9,4081.3,7.1,6.3,661.2,17.2,1276.9,7.1,87.6,144.7,1364.7,31.9,48.5,14.2,35.3,146.3,41.4,41.4,633.5,257.7,87.2,44.3,0,644.8,187.2,120.1,46.7,70.4,38.1,24.2,102.2,26,169.3,20.3,192.5,2.6,65.7,31.4,197.6,22.8,35.5,134.6,21.1,32.3,1256,122.3],[692.1,628.1,680.1,689.1,837.3,680.1,471.8,522.5,803.5,724.4,724.4,724.4,603.4,720.8,689.1,689.1,603.4,614.7,523.8,679.6,644.8,689.1,603.4,625.9,4726.1,637.7,651.1,16.4,662,632.1,637.7,557.2,500.1,719.9,676.7,693.3,659,680.1,791.1,603.4,603.4,1278.3,387.1,557.6,689.1,644.8,0,457.6,524.7,691.5,715.2,682.9,669,542.6,670.8,475.5,665.1,837.3,647.4,579.1,676.2,447.2,667.6,609.3,510.2,623.7,612.5,1900.8,522.5],[234.5,170.5,222.5,231.5,379.7,222.5,14.2,64.9,345.9,266.8,266.8,266.8,145.8,263.2,231.5,231.5,145.8,157.1,66.2,222,187.2,231.5,145.8,168.3,4268.5,180.1,193.5,474,204.4,1089.7,180.1,99.6,42.5,1177.5,219.1,235.7,201.4,222.5,333.5,145.8,145.8,820.7,70.5,100,231.5,187.2,457.6,0,67.1,233.9,257.6,225.3,211.4,85,213.2,17.9,207.5,379.7,189.8,121.5,218.6,10.4,210,151.7,52.6,166.1,154.9,1443.2,64.9],[167.4,103.4,155.4,164.4,312.6,155.4,52.9,2.2,278.8,199.7,199.7,199.7,78.7,196.1,164.4,164.4,78.7,90,0.9,154.9,120.1,164.4,78.7,101.2,4201.4,113,126.4,541.1,137.3,1156.8,113,32.5,24.6,1244.6,152,168.6,134.3,155.4,266.4,78.7,78.7,753.6,137.6,32.9,164.4,120.1,524.7,67.1,0,166.8,190.5,158.2,144.3,17.9,146.1,49.2,140.4,312.6,122.7,54.4,151.5,77.5,142.9,84.6,14.5,99,87.8,1376.1,2.2],[0.6,63.4,11.4,2.4,145.8,11.4,219.7,169,112,32.9,32.9,32.9,88.1,29.3,2.4,2.4,88.1,76.8,167.7,11.9,46.7,2.4,88.1,65.6,4034.6,53.8,40.4,707.9,29.5,1323.6,53.8,134.3,191.4,1411.4,14.8,1.8,32.5,11.4,99.6,88.1,88.1,586.8,304.4,133.9,2.4,46.7,691.5,233.9,166.8,0,23.7,8.6,22.5,148.9,20.7,216,26.4,145.8,44.1,112.4,15.3,244.3,23.9,82.2,181.3,67.8,79,1209.3,169],[23.1,87.1,35.1,26.1,122.1,35.1,243.4,192.7,88.3,9.2,9.2,9.2,111.8,5.6,26.1,26.1,111.8,100.5,191.4,35.6,70.4,26.1,111.8,89.3,4010.9,77.5,64.1,731.6,53.2,1347.3,77.5,158,215.1,1435.1,38.5,21.9,56.2,35.1,75.9,111.8,111.8,563.1,328.1,157.6,26.1,70.4,715.2,257.6,190.5,23.7,0,32.3,46.2,172.6,44.4,239.7,50.1,122.1,67.8,136.1,39,268,47.6,105.9,205,91.5,102.7,1185.6,192.7],[9.2,54.8,2.8,6.2,154.4,2.8,211.1,160.4,120.6,41.5,41.5,41.5,79.5,37.9,6.2,6.2,79.5,68.2,159.1,3.3,38.1,6.2,79.5,57,4043.2,45.2,31.8,699.3,20.9,1315,45.2,125.7,182.8,1402.8,6.2,10.4,23.9,2.8,108.2,79.5,79.5,595.4,295.8,125.3,6.2,38.1,682.9,225.3,158.2,8.6,32.3,0,13.9,140.3,12.1,207.4,17.8,154.4,35.5,103.8,6.7,235.7,15.3,73.6,172.7,59.2,70.4,1217.9,160.4],[23.1,40.9,11.1,20.1,168.3,11.1,197.2,146.5,134.5,55.4,55.4,55.4,65.6,51.8,20.1,20.1,65.6,54.3,145.2,10.6,24.2,20.1,65.6,43.1,4057.1,31.3,17.9,685.4,7,1301.1,31.3,111.8,168.9,1388.9,7.7,24.3,10,11.1,122.1,65.6,65.6,609.3,281.9,111.4,20.1,24.2,669,211.4,144.3,22.5,46.2,13.9,0,126.4,1.8,193.5,3.9,168.3,21.6,89.9,7.2,221.8,1.4,59.7,158.8,45.3,56.5,1231.8,146.5],[149.5,85.5,137.5,146.5,294.7,137.5,70.8,20.1,260.9,181.8,181.8,181.8,60.8,178.2,146.5,146.5,60.8,72.1,18.8,137,102.2,146.5,60.8,83.3,4183.5,95.1,108.5,559,119.4,1174.7,95.1,14.6,42.5,1262.5,134.1,150.7,116.4,137.5,248.5,60.8,60.8,735.7,155.5,15,146.5,102.2,542.6,85,17.9,148.9,172.6,140.3,126.4,0,128.2,67.1,122.5,294.7,104.8,36.5,133.6,95.4,125,66.7,32.4,81.1,69.9,1358.2,20.1],[21.3,42.7,9.3,18.3,166.5,9.3,199,148.3,132.7,53.6,53.6,53.6,67.4,50,18.3,18.3,67.4,56.1,147,8.8,26,18.3,67.4,44.9,4055.3,33.1,19.7,687.2,8.8,1302.9,33.1,113.6,170.7,1390.7,5.9,22.5,11.8,9.3,120.3,67.4,67.4,607.5,283.7,113.2,18.3,26,670.8,213.2,146.1,20.7,44.4,12.1,1.8,128.2,0,195.3,5.7,166.5,23.4,91.7,5.4,223.6,3.2,61.5,160.6,47.1,58.3,1230,148.3],[216.6,152.6,204.6,213.6,361.8,204.6,3.7,47,328,248.9,248.9,248.9,127.9,245.3,213.6,213.6,127.9,139.2,48.3,204.1,169.3,213.6,127.9,150.4,4250.6,162.2,175.6,491.9,186.5,1107.6,162.2,81.7,24.6,1195.4,201.2,217.8,183.5,204.6,315.6,127.9,127.9,802.8,88.4,82.1,213.6,169.3,475.5,17.9,49.2,216,239.7,207.4,193.5,67.1,195.3,0,189.6,361.8,171.9,103.6,200.7,28.3,192.1,133.8,34.7,148.2,137,1425.3,47],[27,37,15,24,172.2,15,193.3,142.6,138.4,59.3,59.3,59.3,61.7,55.7,24,24,61.7,50.4,141.3,14.5,20.3,24,61.7,39.2,4061,27.4,14,681.5,3.1,1297.2,27.4,107.9,165,1385,11.6,28.2,6.1,15,126,61.7,61.7,613.2,278,107.5,24,20.3,665.1,207.5,140.4,26.4,50.1,17.8,3.9,122.5,5.7,189.6,0,172.2,17.7,86,11.1,217.9,2.5,55.8,154.9,41.4,52.6,1235.7,142.6],[145.2,209.2,157.2,148.2,0,157.2,365.5,314.8,33.8,112.9,112.9,112.9,233.9,116.5,148.2,148.2,233.9,222.6,313.5,157.7,192.5,148.2,233.9,211.4,3888.8,199.6,186.2,853.7,175.3,1469.4,199.6,280.1,337.2,1557.2,160.6,144,178.3,157.2,46.2,233.9,233.9,441,450.2,279.7,148.2,192.5,837.3,379.7,312.6,145.8,122.1,154.4,168.3,294.7,166.5,361.8,172.2,0,189.9,258.2,161.1,390.1,169.7,228,327.1,213.6,224.8,1063.5,314.8],[44.7,19.3,32.7,41.7,189.9,32.7,175.6,124.9,156.1,77,77,77,44,73.4,41.7,41.7,44,32.7,123.6,32.2,2.6,41.7,44,21.5,4078.7,9.7,3.7,663.8,14.6,1279.5,9.7,90.2,147.3,1367.3,29.3,45.9,11.6,32.7,143.7,44,44,630.9,260.3,89.8,41.7,2.6,647.4,189.8,122.7,44.1,67.8,35.5,21.6,104.8,23.4,171.9,17.7,189.9,0,68.3,28.8,200.2,20.2,38.1,137.2,23.7,34.9,1253.4,124.9],[113,49,101,110,258.2,101,107.3,56.6,224.4,145.3,145.3,145.3,24.3,141.7,110,110,24.3,35.6,55.3,100.5,65.7,110,24.3,46.8,4147,58.6,72,595.5,82.9,1211.2,58.6,21.9,79,1299,97.6,114.2,79.9,101,212,24.3,24.3,699.2,192,21.5,110,65.7,579.1,121.5,54.4,112.4,136.1,103.8,89.9,36.5,91.7,103.6,86,258.2,68.3,0,97.1,131.9,88.5,30.2,68.9,44.6,33.4,1321.7,56.6],[15.9,48.1,3.9,12.9,161.1,3.9,204.4,153.7,127.3,48.2,48.2,48.2,72.8,44.6,12.9,12.9,72.8,61.5,152.4,3.4,31.4,12.9,72.8,50.3,4049.9,38.5,25.1,692.6,14.2,1308.3,38.5,119,176.1,1396.1,0.5,17.1,17.2,3.9,114.9,72.8,72.8,602.1,289.1,118.6,12.9,31.4,676.2,218.6,151.5,15.3,39,6.7,7.2,133.6,5.4,200.7,11.1,161.1,28.8,97.1,0,229,8.6,66.9,166,52.5,63.7,1224.6,153.7],[244.9,180.9,232.9,241.9,390.1,232.9,24.6,75.3,356.3,277.2,277.2,277.2,156.2,273.6,241.9,241.9,156.2,167.5,76.6,232.4,197.6,241.9,156.2,178.7,4278.9,190.5,203.9,463.6,214.8,1079.3,190.5,110,52.9,1167.1,229.5,246.1,211.8,232.9,343.9,156.2,156.2,831.1,60.1,110.4,241.9,197.6,447.2,10.4,77.5,244.3,268,235.7,221.8,95.4,223.6,28.3,217.9,390.1,200.2,131.9,229,0,220.4,162.1,63,176.5,165.3,1453.6,75.3],[24.5,39.5,12.5,21.5,169.7,12.5,195.8,145.1,135.9,56.8,56.8,56.8,64.2,53.2,21.5,21.5,64.2,52.9,143.8,12,22.8,21.5,64.2,41.7,4058.5,29.9,16.5,684,5.6,1299.7,29.9,110.4,167.5,1387.5,9.1,25.7,8.6,12.5,123.5,64.2,64.2,610.7,280.5,110,21.5,22.8,667.6,210,142.9,23.9,47.6,15.3,1.4,125,3.2,192.1,2.5,169.7,20.2,88.5,8.6,220.4,0,58.3,157.4,43.9,55.1,1233.2,145.1],[82.8,18.8,70.8,79.8,228,70.8,137.5,86.8,194.2,115.1,115.1,115.1,5.9,111.5,79.8,79.8,5.9,5.4,85.5,70.3,35.5,79.8,5.9,16.6,4116.8,28.4,41.8,625.7,52.7,1241.4,28.4,52.1,109.2,1329.2,67.4,84,49.7,70.8,181.8,5.9,5.9,669,222.2,51.7,79.8,35.5,609.3,151.7,84.6,82.2,105.9,73.6,59.7,66.7,61.5,133.8,55.8,228,38.1,30.2,66.9,162.1,58.3,0,99.1,14.4,3.2,1291.5,86.8],[181.9,117.9,169.9,178.9,327.1,169.9,38.4,12.3,293.3,214.2,214.2,214.2,93.2,210.6,178.9,178.9,93.2,104.5,13.6,169.4,134.6,178.9,93.2,115.7,4215.9,127.5,140.9,526.6,151.8,1142.3,127.5,47,10.1,1230.1,166.5,183.1,148.8,169.9,280.9,93.2,93.2,768.1,123.1,47.4,178.9,134.6,510.2,52.6,14.5,181.3,205,172.7,158.8,32.4,160.6,34.7,154.9,327.1,137.2,68.9,166,63,157.4,99.1,0,113.5,102.3,1390.6,12.3],[68.4,4.4,56.4,65.4,213.6,56.4,151.9,101.2,179.8,100.7,100.7,100.7,20.3,97.1,65.4,65.4,20.3,9,99.9,55.9,21.1,65.4,20.3,2.2,4102.4,14,27.4,640.1,38.3,1255.8,14,66.5,123.6,1343.6,53,69.6,35.3,56.4,167.4,20.3,20.3,654.6,236.6,66.1,65.4,21.1,623.7,166.1,99,67.8,91.5,59.2,45.3,81.1,47.1,148.2,41.4,213.6,23.7,44.6,52.5,176.5,43.9,14.4,113.5,0,11.2,1277.1,101.2],[79.6,15.6,67.6,76.6,224.8,67.6,140.7,90,191,111.9,111.9,111.9,9.1,108.3,76.6,76.6,9.1,2.2,88.7,67.1,32.3,76.6,9.1,13.4,4113.6,25.2,38.6,628.9,49.5,1244.6,25.2,55.3,112.4,1332.4,64.2,80.8,46.5,67.6,178.6,9.1,9.1,665.8,225.4,54.9,76.6,32.3,612.5,154.9,87.8,79,102.7,70.4,56.5,69.9,58.3,137,52.6,224.8,34.9,33.4,63.7,165.3,55.1,3.2,102.3,11.2,0,1288.3,90],[1209.1,1273.1,1221.1,1212.1,1063.9,1221.1,1429.4,1378.7,1097.7,1176.8,1176.8,1176.8,1297.8,1180.4,1212.1,1212.1,1297.8,1286.5,1377.4,1221.6,1256.4,1212.1,1297.8,1275.3,2825.3,1263.5,1250.1,1917.6,1239.2,2533.3,1263.5,1344,1401.1,2621.1,1224.5,1207.9,1242.2,1221.1,1110.1,1297.8,1297.8,668,1514.1,1343.6,1212.1,1256.4,1901.2,1443.6,1376.5,1209.7,1186,1218.3,1232.2,1358.6,1230.4,1425.7,1236.1,1063.9,1253.8,1322.1,1225,1454,1233.6,1291.9,1391,1277.5,1288.7,0,1378.7],[169.6,105.6,157.6,166.6,314.8,157.6,50.7,0,281,201.9,201.9,201.9,80.9,198.3,166.6,166.6,80.9,92.2,1.3,157.1,122.3,166.6,80.9,103.4,4203.6,115.2,128.6,538.9,139.5,1154.6,115.2,34.7,22.4,1242.4,154.2,170.8,136.5,157.6,268.6,80.9,80.9,755.8,135.4,35.1,166.6,122.3,522.5,64.9,2.2,169,192.7,160.4,146.5,20.1,148.3,47,142.6,314.8,124.9,56.6,153.7,75.3,145.1,86.8,12.3,101.2,90,1378.3,0]],"destinations":[{"hint":"dj0Ying9GIqSAAAAPAAAAH0oAABtMQAASQAAAB4AAAA_FAAAuBgAACnpAAAyOzcCxiDJ_-5GNwKIL8n_FwAPCNHm8VM=","name":"","location":[37.174066,-3.59609]},{"hint":"dj0Ying9GIrAAAAAAAAAAE4tAACqLAAAYAAAAAAAAACoFgAAVhYAACnpAACpQDcCwhXJ_4heNwI2Icn_HAA_CdHm8VM=","name":"","location":[37.175465,-3.59891]},{"hint":"dj0Ying9GIoAAAAAwgIAAP8pAAD3LQAAAAAAAGEBAAAAFQAA_RYAACnpAAC3PDcCBh_J_3hWNwItLsn_GQDPCdHm8VM=","name":"","location":[37.174455,-3.596538]},{"hint":"dj0Ying9GIrOAAAAAAAAAH0oAABtMQAAZwAAAAAAAAA_FAAAuBgAACnpAACmOzcCaiDJ_9BkNwLQQMn_FwAPCNHm8VM=","name":"","location":[37.174182,-3.596182]},{"hint":"dj0Ying9GIqTAQAAAAAAACMcAAACPQAAygAAAAAAAAASDgAAgh4AACnpAAD4JTcCdDPJ_8FMNwKAYMn_EACvB9Hm8VM=","name":"","location":[37.168632,-3.591308]},{"hint":"dj0Ying9GIoAAAAAwgIAAP8pAAD3LQAAAAAAAGEBAAAAFQAA_RYAACnpAAC3PDcCBh_J_0hWNwIDMsn_GQDPCdHm8VM=","name":"","location":[37.174455,-3.596538]},{"hint":"dj0Ying9GIrxAQAAAAAAAFE4AAB2IAAA-QAAAAAAAAAqHAAAOxAAACnpAAAMUTcCjvzI_1liNwLCCsn_JQCfCNHm8VM=","name":"","location":[37.17966,-3.605362]},{"hint":"dj0Ying9GIqSAQAAAAAAALs0AABrJAAAyQAAAAAAAABfGgAANhIAACnpAADlSzcCzQTJ_62MNwIwKcn_IwDfCNHm8VM=","name":"","location":[37.178341,-3.603251]},{"hint":"dj0Ying9GIoQAAAA7gEAAEsgAABvOAAACAAAAPcAAAAmEAAAORwAACnpAADpKjcCFC_J_8w4NwLxPMn_EwBvCNHm8VM=","name":"","location":[37.169897,-3.592428]},{"hint":"dj0Ying9GIoAAAAA9QEAAIgmAAA7MgAAAAAAAPoAAABFEwAAHxkAACnpAAB_NjcCACXJ_6lGNwJHOMn_FgBfCNHm8VM=","name":"","location":[37.172863,-3.595008]},{"hint":"dj0Ying9GIoAAAAA9QEAAIgmAAA7MgAAAAAAAPoAAABFEwAAHxkAACnpAAB_NjcCACXJ_-I-NwJDLsn_FgBfCNHm8VM=","name":"","location":[37.172863,-3.595008]},{"hint":"dj0Ying9GIoAAAAA9QEAAIgmAAA7MgAAAAAAAPoAAABFEwAAHxkAACnpAAB_NjcCACXJ__JENwJ8Ocn_FgBfCNHm8VM=","name":"","location":[37.172863,-3.595008]},{"hint":"dj0Ying9GIruAQAAAAAAAA4uAAC8KgAA9wAAAAAAAAAIFwAAXxUAACnpAAAmQjcCLBHJ_2EONwKV98j_HQAvCtHm8VM=","name":"","location":[37.175846,-3.600084]},{"hint":"dj0Ying9GIpJAAAArAEAAIgmAAA7MgAAJAAAANYAAABFEwAAHxkAACnpAAAGNzcCgiTJ_5peNwK_Tsn_FgBfCNHm8VM=","name":"","location":[37.172998,-3.595134]},{"hint":"dj0Ying9GIrOAAAAAAAAAH0oAABtMQAAZwAAAAAAAAA_FAAAuBgAACnpAACmOzcCaiDJ_xw-NwLuIsn_FwAPCNHm8VM=","name":"","location":[37.174182,-3.596182]},{"hint":"dj0Ying9GIrOAAAAAAAAAH0oAABtMQAAZwAAAAAAAAA_FAAAuBgAACnpAACmOzcCaiDJ_0RZNwJ2Rcn_FwAPCNHm8VM=","name":"","location":[37.174182,-3.596182]},{"hint":"dj0Ying9GIruAQAAAAAAAA4uAAC8KgAA9wAAAAAAAAAIFwAAXxUAACnpAAAmQjcCLBHJ_1oNNwI-8sj_HQAvCtHm8VM=","name":"","location":[37.175846,-3.600084]},{"hint":"dj0Ying9GIoNAQAA4QAAAA4uAAC8KgAAhgAAAHEAAAAIFwAAXxUAACnpAAB5QTcCQRPJ_0hENwIpFMn_HQAvCtHm8VM=","name":"","location":[37.175673,-3.599551]},{"hint":"dj0Ying9GIp4AQAAGgAAALs0AABrJAAAvAAAAA0AAABfGgAANhIAACnpAAC9SzcC_wTJ_1pLNwKwBMn_IwDfCNHm8VM=","name":"","location":[37.178301,-3.603201]},{"hint":"dj0Ying9GIoKAAAAuAIAAP8pAAD3LQAABQAAAFwBAAAAFQAA_RYAACnpAADCPDcC7R7J_89XNwKDKsn_GQDPCdHm8VM=","name":"","location":[37.174466,-3.596563]},{"hint":"dj0Ying9GIoAAAAAAQAAAMEsAAD2LQAAAAAAAAEAAABhFgAA_BYAACnpAABwPzcCsRjJ_y1LNwLvHMn_GgBPC9Hm8VM=","name":"","location":[37.175152,-3.598159]},{"hint":"dj0Ying9GIrOAAAAAAAAAH0oAABtMQAAZwAAAAAAAAA_FAAAuBgAACnpAACmOzcCaiDJ_w1RNwIfOcn_FwAPCNHm8VM=","name":"","location":[37.174182,-3.596182]},{"hint":"dj0Ying9GIruAQAAAAAAAA4uAAC8KgAA9wAAAAAAAAAIFwAAXxUAACnpAAAmQjcCLBHJ_xo1NwIODMn_HQAvCtHm8VM=","name":"","location":[37.175846,-3.600084]},{"hint":"dj0Ying9GIotAAAAwQEAAA4uAAC8KgAAFgAAAOEAAAAIFwAAXxUAACnpAADMQDcCVhXJ_3RANwI6Fcn_HQAvCtHm8VM=","name":"","location":[37.1755,-3.599018]},{"hint":"C1dphYNAEookBAAAAAAAAEQHAADvPgAAEgIAAAAAAACiAwAAdx8AACnpAADgOjgChkzK_xovOAKkkcn_AQDfBtHm8VM=","name":"","location":[37.23952,-3.519354]},{"hint":"dj0Ying9GIoAAAAAwAAAAE4tAACqLAAAAAAAAGAAAACoFgAAVhYAACnpAACkPzcCVRfJ_-4yNwIuEMn_HAA_CdHm8VM=","name":"","location":[37.175204,-3.598507]},{"hint":"dj0Ying9GIpFAgAAfQAAAP8pAAD3LQAAIgEAAD8AAAAAFQAA_RYAACnpAAD1PjcC0BnJ_3VSNwIqIsn_GQDPCdHm8VM=","name":"","location":[37.175029,-3.597872]},{"hint":"kb4jiHk9GIpbAgAASAEAAD9OAABmBAAALQEAAKQAAAAbJwAAMwIAACnpAAAFljcCtb_I_xamNwLL0sj_SgBvE9Hm8VM=","name":"","location":[37.197317,-3.620939]},{"hint":"dj0Ying9GIpqAQAAWAEAAP8pAAD3LQAAtQAAAKwAAAAAFQAA_RYAACnpAAAdPjcCxRvJ_44wNwL2Fcn_GQDPCdHm8VM=","name":"","location":[37.174813,-3.597371]},{"hint":"kb4jiHk9GIprAgAAAAAAABIeAADLNQAANQEAAAAAAAAGDwAA5BoAACnpAAC38TcCKHvI_zUMOAKAn8j_GwB_E9Hm8VM=","name":"","location":[37.220791,-3.638488]},{"hint":"dj0Ying9GIoAAAAAwAAAAE4tAACqLAAAAAAAAGAAAACoFgAAVhYAACnpAACkPzcCVRfJ__kzNwKJE8n_HAA_CdHm8VM=","name":"","location":[37.175204,-3.598507]},{"hint":"dj0Ying9GIpBAQAAXgAAAFYyAADDJgAAoQAAAC8AAAAsGQAAYhMAACnpAACDRzcC8QnJ_1ZFNwJiCMn_IQAPCdHm8VM=","name":"","location":[37.177219,-3.601935]},{"hint":"dj0Ying9GIrBAQAAQwAAAE02AABnIgAA4AAAACIAAAAoGwAANBEAACnpAACETTcCuQDJ_xpINwKU_sj_JADvCdHm8VM=","name":"","location":[37.178756,-3.604295]},{"hint":"kb4jiHk9GIqhAAAAAAAAAP4YAACpPAAAUAAAAAAAAAB9DAAAUh4AACnpAAAzADgCxXLI_xgDOALyd8j_FQCvE9Hm8VM=","name":"","location":[37.224499,-3.640635]},{"hint":"dj0Ying9GIpFAAAAfQIAAP8pAAD3LQAAIgAAAD8BAAAAFQAA_RYAACnpAAD7PDcCZx7J_wtFNwLbIcn_GQDPCdHm8VM=","name":"","location":[37.174523,-3.596697]},{"hint":"dj0Ying9GIp7AAAAUwAAAH0oAABtMQAAPQAAACoAAAA_FAAAuBgAACnpAAAEOzcC6iDJ_4k3NwKJHMn_FwAPCNHm8VM=","name":"","location":[37.17402,-3.596054]},{"hint":"dj0Ying9GIqmAQAAHAEAAP8pAAD3LQAA0wAAAI4AAAAAFQAA_RYAACnpAABYPjcCPBvJ_4Q8NwJ0Gsn_GQDPCdHm8VM=","name":"","location":[37.174872,-3.597508]},{"hint":"dj0Ying9GIoAAAAAwgIAAP8pAAD3LQAAAAAAAGEBAAAAFQAA_RYAACnpAAC3PDcCBh_J_11DNwLwIcn_GQDPCdHm8VM=","name":"","location":[37.174455,-3.596538]},{"hint":"dj0Ying9GIoIAQAA9gAAAEsgAABvOAAAhAAAAHsAAAAmEAAAORwAACnpAAChLDcCXS3J_-MjNwKjJMn_EwBvCNHm8VM=","name":"","location":[37.170337,-3.592867]},{"hint":"dj0Ying9GIruAQAAAAAAAA4uAAC8KgAA9wAAAAAAAAAIFwAAXxUAACnpAAAmQjcCLBHJ_wMqNwJXA8n_HQAvCtHm8VM=","name":"","location":[37.175846,-3.600084]},{"hint":"dj0Ying9GIruAQAAAAAAAA4uAAC8KgAA9wAAAAAAAAAIFwAAXxUAACnpAAAmQjcCLBHJ_8Q0NwKuC8n_HQAvCtHm8VM=","name":"","location":[37.175846,-3.600084]},{"hint":"bD0YinQ9GIoAAAAAQgAAADYFAAB0BAAAAAAAACEAAACaAgAAOQIAACnpAAAD-zYCDm_J_6cTNwKhgcn_BgBfCdHm8VM=","name":"","location":[37.157635,-3.57605]},{"hint":"dj0Ying9GIoAAAAAQwAAAOJAAACTGQAAAAAAACIAAAByIAAAygwAACnpAADTWzcCWPDI_xxmNwKHAcn_LQA_CdHm8VM=","name":"","location":[37.182419,-3.608488]},{"hint":"dj0Ying9GIo5AQAAZgAAAFYyAADDJgAAnQAAADMAAAAsGQAAYhMAACnpAAB2RzcCAgrJ_8tDNwJhB8n_IQAPCdHm8VM=","name":"","location":[37.177206,-3.601918]},{"hint":"dj0Ying9GIrOAAAAAAAAAH0oAABtMQAAZwAAAAAAAAA_FAAAuBgAACnpAACmOzcCaiDJ_-dWNwIRQcn_FwAPCNHm8VM=","name":"","location":[37.174182,-3.596182]},{"hint":"dj0Ying9GIoAAAAAAQAAAMEsAAD2LQAAAAAAAAEAAABhFgAA_BYAACnpAABwPzcCsRjJ_21HNwL3Gsn_GgBPC9Hm8VM=","name":"","location":[37.175152,-3.598159]},{"hint":"kb4jiHk9GIoAAAAAcAAAAOJRAAD2AwAAAAAAADgAAADsKAAA-wEAACnpAACSkzcCw8HI_4ujNwJM2Mj_SwCfEtHm8VM=","name":"","location":[37.19669,-3.620413]},{"hint":"dj0Ying9GIoAAAAAMwEAAF47AAAnHgAAAAAAAJoAAACxHQAAEw8AACnpAADEUjcCYPrI_0xiNwLFAsn_JwB_CdHm8VM=","name":"","location":[37.1801,-3.60592]},{"hint":"dj0Ying9GIpnAQAAKwAAALs0AABrJAAAswAAABYAAABfGgAANhIAACnpAACiSzcCIQXJ_81WNwIUDsn_IwDfCNHm8VM=","name":"","location":[37.178274,-3.603167]},{"hint":"dj0Ying9GIqfAAAALwAAAH0oAABtMQAATwAAABgAAAA_FAAAuBgAACnpAABLOzcCsiDJ_9ZQNwLKO8n_FwAPCNHm8VM=","name":"","location":[37.174091,-3.59611]},{"hint":"dj0Ying9GIq4AAAAPQEAAIgmAAA7MgAAXAAAAJ4AAABFEwAAHxkAACnpAADRNzcCxSPJ_2ItNwKjGMn_FgBfCNHm8VM=","name":"","location":[37.173201,-3.595323]},{"hint":"dj0Ying9GIp9AAAANwAAAEspAAC5MAAAPgAAABwAAACmFAAAXhgAACnpAABkPDcCch_J_z9SNwIjMMn_GADvCNHm8VM=","name":"","location":[37.174372,-3.59643]},{"hint":"dj0Ying9GIreAAAA5AEAAP8pAAD3LQAAbwAAAPIAAAAAFQAA_RYAACnpAACTPTcCBx3J_89GNwL8IMn_GQDPCdHm8VM=","name":"","location":[37.174675,-3.597049]},{"hint":"dj0Ying9GIoAAAAAkgEAALs0AABrJAAAAAAAAMkAAABfGgAANhIAACnpAABvSTcC3AfJ_29UNwKHEcn_IwDfCNHm8VM=","name":"","location":[37.177711,-3.602468]},{"hint":"dj0Ying9GIq7AAAABwIAAP8pAAD3LQAAXQAAAAQBAAAAFQAA_RYAACnpAABwPTcCWB3J_7ZCNwKaH8n_GQDPCdHm8VM=","name":"","location":[37.17464,-3.596968]},{"hint":"dj0Ying9GIqoAQAASQAAAFE4AAB2IAAA1AAAACUAAAAqHAAAOxAAACnpAACSUDcCE_3I__tYNwLPBMn_JQCfCNHm8VM=","name":"","location":[37.179538,-3.605229]},{"hint":"dj0Ying9GIosAQAAlgEAAP8pAAD3LQAAlgAAAMsAAAAAFQAA_RYAACnpAADgPTcCVBzJ_-pGNwIzIMn_GQDPCdHm8VM=","name":"","location":[37.174752,-3.597228]},{"hint":"dj0Ying9GIqTAQAAAAAAACMcAAACPQAAygAAAAAAAAASDgAAgh4AACnpAAD4JTcCdDPJ_2E4NwKkT8n_EACvB9Hm8VM=","name":"","location":[37.168632,-3.591308]},{"hint":"dj0Ying9GIqOAgAANAAAAP8pAAD3LQAARwEAABoAAAAAFQAA_RYAACnpAAA9PzcCJxnJ_45JNwKSHcn_GQDPCdHm8VM=","name":"","location":[37.175101,-3.598041]},{"hint":"dj0Ying9GIqgAAAAdAAAAEIxAABiKAAAUAAAADoAAACiGAAAMhQAACnpAADvRDcCWQ3J_2lNNwKsFMn_IAC_CNHm8VM=","name":"","location":[37.176559,-3.601063]},{"hint":"dj0Ying9GIpOAAAAdAIAAP8pAAD3LQAAJwAAADoBAAAAFQAA_RYAACnpAAAFPTcCUh7J_8s8NwI5Hsn_GQDPCdHm8VM=","name":"","location":[37.174533,-3.596718]},{"hint":"dj0Ying9GIrQAAAAYwAAAF47AAAnHgAAaAAAADIAAACxHQAAEw8AACnpAAC7UzcClfjI__5HNwJJ8sj_JwB_CdHm8VM=","name":"","location":[37.180347,-3.606379]},{"hint":"dj0Ying9GIr6AAAAyAEAAP8pAAD3LQAAfQAAAOQAAAAAFQAA_RYAACnpAACuPTcCyBzJ_2I7NwLMG8n_GQDPCdHm8VM=","name":"","location":[37.174702,-3.597112]},{"hint":"dj0Ying9GIp5AQAAdQAAAA4uAAC8KgAAvAAAADsAAAAIFwAAXxUAACnpAADMQTcCQhLJ_9c7NwJVEMn_HQAvCtHm8VM=","name":"","location":[37.175756,-3.599806]},{"hint":"dj0Ying9GIr3AAAADQEAAE02AABnIgAAewAAAIcAAAAoGwAANBEAACnpAADKTDcCjQLJ_9JXNwLrBsn_JADvCdHm8VM=","name":"","location":[37.17857,-3.603827]},{"hint":"dj0Ying9GIpZAAAAlQEAAA4uAAC8KgAALAAAAMsAAAAIFwAAXxUAACnpAADuQDcC7hTJ_-k-NwJHFMn_HQAvCtHm8VM=","name":"","location":[37.175534,-3.599122]},{"hint":"dj0Ying9GIo4AQAAtgAAAA4uAAC8KgAAnAAAAFsAAAAIFwAAXxUAACnpAACaQTcC2xLJ_yc-NwK-Ecn_HQAvCtHm8VM=","name":"","location":[37.175706,-3.599653]},{"hint":"eFYyiWc9GIoAAAAAjwIAAO1UAAChKgAAAAAAAEgBAAB3KgAATxUAACnpAADYyjYCXuXJ_7kENwLp9cn_IQBvCtHm8VM=","name":"","location":[37.145304,-3.545762]},{"hint":"dj0Ying9GIqSAQAAAAAAALs0AABrJAAAyQAAAAAAAABfGgAANhIAACnpAADlSzcCzQTJ_y9ZNwKwCsn_IwDfCNHm8VM=","name":"","location":[37.178341,-3.603251]}],"sources":[{"hint":"dj0Ying9GIqSAAAAPAAAAH0oAABtMQAASQAAAB4AAAA_FAAAuBgAACnpAAAyOzcCxiDJ_-5GNwKIL8n_FwAPCNHm8VM=","name":"","location":[37.174066,-3.59609]},{"hint":"dj0Ying9GIrAAAAAAAAAAE4tAACqLAAAYAAAAAAAAACoFgAAVhYAACnpAACpQDcCwhXJ_4heNwI2Icn_HAA_CdHm8VM=","name":"","location":[37.175465,-3.59891]},{"hint":"dj0Ying9GIoAAAAAwgIAAP8pAAD3LQAAAAAAAGEBAAAAFQAA_RYAACnpAAC3PDcCBh_J_3hWNwItLsn_GQDPCdHm8VM=","name":"","location":[37.174455,-3.596538]},{"hint":"dj0Ying9GIrOAAAAAAAAAH0oAABtMQAAZwAAAAAAAAA_FAAAuBgAACnpAACmOzcCaiDJ_9BkNwLQQMn_FwAPCNHm8VM=","name":"","location":[37.174182,-3.596182]},{"hint":"dj0Ying9GIqTAQAAAAAAACMcAAACPQAAygAAAAAAAAASDgAAgh4AACnpAAD4JTcCdDPJ_8FMNwKAYMn_EACvB9Hm8VM=","name":"","location":[37.168632,-3.591308]},{"hint":"dj0Ying9GIoAAAAAwgIAAP8pAAD3LQAAAAAAAGEBAAAAFQAA_RYAACnpAAC3PDcCBh_J_0hWNwIDMsn_GQDPCdHm8VM=","name":"","location":[37.174455,-3.596538]},{"hint":"dj0Ying9GIrxAQAAAAAAAFE4AAB2IAAA-QAAAAAAAAAqHAAAOxAAACnpAAAMUTcCjvzI_1liNwLCCsn_JQCfCNHm8VM=","name":"","location":[37.17966,-3.605362]},{"hint":"dj0Ying9GIqSAQAAAAAAALs0AABrJAAAyQAAAAAAAABfGgAANhIAACnpAADlSzcCzQTJ_62MNwIwKcn_IwDfCNHm8VM=","name":"","location":[37.178341,-3.603251]},{"hint":"dj0Ying9GIoQAAAA7gEAAEsgAABvOAAACAAAAPcAAAAmEAAAORwAACnpAADpKjcCFC_J_8w4NwLxPMn_EwBvCNHm8VM=","name":"","location":[37.169897,-3.592428]},{"hint":"dj0Ying9GIoAAAAA9QEAAIgmAAA7MgAAAAAAAPoAAABFEwAAHxkAACnpAAB_NjcCACXJ_6lGNwJHOMn_FgBfCNHm8VM=","name":"","location":[37.172863,-3.595008]},{"hint":"dj0Ying9GIoAAAAA9QEAAIgmAAA7MgAAAAAAAPoAAABFEwAAHxkAACnpAAB_NjcCACXJ_-I-NwJDLsn_FgBfCNHm8VM=","name":"","location":[37.172863,-3.595008]},{"hint":"dj0Ying9GIoAAAAA9QEAAIgmAAA7MgAAAAAAAPoAAABFEwAAHxkAACnpAAB_NjcCACXJ__JENwJ8Ocn_FgBfCNHm8VM=","name":"","location":[37.172863,-3.595008]},{"hint":"dj0Ying9GIruAQAAAAAAAA4uAAC8KgAA9wAAAAAAAAAIFwAAXxUAACnpAAAmQjcCLBHJ_2EONwKV98j_HQAvCtHm8VM=","name":"","location":[37.175846,-3.600084]},{"hint":"dj0Ying9GIpJAAAArAEAAIgmAAA7MgAAJAAAANYAAABFEwAAHxkAACnpAAAGNzcCgiTJ_5peNwK_Tsn_FgBfCNHm8VM=","name":"","location":[37.172998,-3.595134]},{"hint":"dj0Ying9GIrOAAAAAAAAAH0oAABtMQAAZwAAAAAAAAA_FAAAuBgAACnpAACmOzcCaiDJ_xw-NwLuIsn_FwAPCNHm8VM=","name":"","location":[37.174182,-3.596182]},{"hint":"dj0Ying9GIrOAAAAAAAAAH0oAABtMQAAZwAAAAAAAAA_FAAAuBgAACnpAACmOzcCaiDJ_0RZNwJ2Rcn_FwAPCNHm8VM=","name":"","location":[37.174182,-3.596182]},{"hint":"dj0Ying9GIruAQAAAAAAAA4uAAC8KgAA9wAAAAAAAAAIFwAAXxUAACnpAAAmQjcCLBHJ_1oNNwI-8sj_HQAvCtHm8VM=","name":"","location":[37.175846,-3.600084]},{"hint":"dj0Ying9GIoNAQAA4QAAAA4uAAC8KgAAhgAAAHEAAAAIFwAAXxUAACnpAAB5QTcCQRPJ_0hENwIpFMn_HQAvCtHm8VM=","name":"","location":[37.175673,-3.599551]},{"hint":"dj0Ying9GIp4AQAAGgAAALs0AABrJAAAvAAAAA0AAABfGgAANhIAACnpAAC9SzcC_wTJ_1pLNwKwBMn_IwDfCNHm8VM=","name":"","location":[37.178301,-3.603201]},{"hint":"dj0Ying9GIoKAAAAuAIAAP8pAAD3LQAABQAAAFwBAAAAFQAA_RYAACnpAADCPDcC7R7J_89XNwKDKsn_GQDPCdHm8VM=","name":"","location":[37.174466,-3.596563]},{"hint":"dj0Ying9GIoAAAAAAQAAAMEsAAD2LQAAAAAAAAEAAABhFgAA_BYAACnpAABwPzcCsRjJ_y1LNwLvHMn_GgBPC9Hm8VM=","name":"","location":[37.175152,-3.598159]},{"hint":"dj0Ying9GIrOAAAAAAAAAH0oAABtMQAAZwAAAAAAAAA_FAAAuBgAACnpAACmOzcCaiDJ_w1RNwIfOcn_FwAPCNHm8VM=","name":"","location":[37.174182,-3.596182]},{"hint":"dj0Ying9GIruAQAAAAAAAA4uAAC8KgAA9wAAAAAAAAAIFwAAXxUAACnpAAAmQjcCLBHJ_xo1NwIODMn_HQAvCtHm8VM=","name":"","location":[37.175846,-3.600084]},{"hint":"dj0Ying9GIotAAAAwQEAAA4uAAC8KgAAFgAAAOEAAAAIFwAAXxUAACnpAADMQDcCVhXJ_3RANwI6Fcn_HQAvCtHm8VM=","name":"","location":[37.1755,-3.599018]},{"hint":"C1dphYNAEookBAAAAAAAAEQHAADvPgAAEgIAAAAAAACiAwAAdx8AACnpAADgOjgChkzK_xovOAKkkcn_AQDfBtHm8VM=","name":"","location":[37.23952,-3.519354]},{"hint":"dj0Ying9GIoAAAAAwAAAAE4tAACqLAAAAAAAAGAAAACoFgAAVhYAACnpAACkPzcCVRfJ_-4yNwIuEMn_HAA_CdHm8VM=","name":"","location":[37.175204,-3.598507]},{"hint":"dj0Ying9GIpFAgAAfQAAAP8pAAD3LQAAIgEAAD8AAAAAFQAA_RYAACnpAAD1PjcC0BnJ_3VSNwIqIsn_GQDPCdHm8VM=","name":"","location":[37.175029,-3.597872]},{"hint":"kb4jiHk9GIpbAgAASAEAAD9OAABmBAAALQEAAKQAAAAbJwAAMwIAACnpAAAFljcCtb_I_xamNwLL0sj_SgBvE9Hm8VM=","name":"","location":[37.197317,-3.620939]},{"hint":"dj0Ying9GIpqAQAAWAEAAP8pAAD3LQAAtQAAAKwAAAAAFQAA_RYAACnpAAAdPjcCxRvJ_44wNwL2Fcn_GQDPCdHm8VM=","name":"","location":[37.174813,-3.597371]},{"hint":"kb4jiHk9GIprAgAAAAAAABIeAADLNQAANQEAAAAAAAAGDwAA5BoAACnpAAC38TcCKHvI_zUMOAKAn8j_GwB_E9Hm8VM=","name":"","location":[37.220791,-3.638488]},{"hint":"dj0Ying9GIoAAAAAwAAAAE4tAACqLAAAAAAAAGAAAACoFgAAVhYAACnpAACkPzcCV